-4.153163911843602563e-01
1.516437473657077462e+01
2.989609129075627436e+01
-1.649328183537008670e+02
-9.302713184278321989e+01
-1.616072807323905067e+02
-1.373880645164424550e+02
-1.612870001917729610e+02
-1.851494565902452791e+02
-1.464745888387613491e+02
3.590981205316258196e-01
-5.470822065535650154e+02
-5.027841132055144726e+02
1.153822440003059491e+01
2.383821219379110445e+01
3.899284153937253450e+01
3.589097651992593896e+00
-8.324440444977147990e+01
3.607885745291533652e+01
5.001712188370547096e+01
3.956624929538043034e+01
3.612122030295745390e+01
3.705907537023141174e+01
6.354940374646290024e+01
-5.360678344368629666e+01
7.628251101268220680e+01
6.528204310135132005e+01
4.920237068635049127e+02
7.694455510443796697e+01
-8.077519755986870109e+01
-5.240841551157444655e+01
0.000000000000000000e+00
-9.706345505243402272e+01
1.407591804853591952e+02
-3.647895579558188501e+02
1.758695553531679820e+02
-1.007741351256349134e+02
-1.816998792808902863e+00
2.299251535206407837e+01
8.124418375244079016e+01
1.713138562419035793e+01
7.340244546730381217e+02
-2.303035565804362932e+02
4.849447289373833314e+02
5.580339592835184703e+01
-8.419146942943476120e+01
-5.720398871162359455e+00
-3.370608946142907314e+01
-5.010251892344643210e+01
-5.823822856014601257e+01
-6.307631149415288974e+01
-3.675729909265953665e+01
-3.185159250974720635e+01
-2.815214564499186167e+01
1.488905820800306969e+02
4.144541423620904652e+01
2.604717708159807898e+01
4.278425607261596042e+01
8.331577049851074435e+01
0.000000000000000000e+00
9.262718253608056784e+00
3.125958847608060864e+01
-1.931937591608750893e+02
1.851976176377711170e+01
-3.165045990100463769e+01
-1.241017410441320123e+02
-2.004009903025519179e+01
-1.237845725762764744e+02
1.224838007112600735e+01
-7.592082392626871012e+01
-6.949066144480231344e+01
-1.064804655947196323e+02
0.000000000000000000e+00
-4.280188598499526620e+01
-7.100362802902293424e+01
-8.183916418861981867e+01
-1.143387379025100614e+02
1.788839993317458266e+01
-9.515085478348487413e+01
-1.344147131683168936e+02
0.000000000000000000e+00
4.393239746632491460e+01
1.677158817175356376e+02
0.000000000000000000e+00
-3.853691773748514038e+01
-6.095858006496427350e+01
-6.746278955263335320e+01
2.495927030336866892e+01
3.454867836357402666e+01
-2.860995980577968112e+00
3.114770446540740423e+01
1.179431201309171229e-01
-3.788096627220281221e+01
-3.979779518734517296e+01
-1.525066988391644713e+02
-4.539688665053063232e+01
4.213192558328572659e+02
-1.480211666522347116e+02
-9.350001067093437257e+00
-1.330427291300061370e+02
-5.343444401151636214e+00
-8.777923464006775589e+00
9.408981056851064295e+01
-4.539860902278030608e+01
3.730562041072732882e+01
-7.047133799727305359e+01
2.138604761689567226e+02
-1.961400700836517785e+01
-8.700173565201225756e+00
5.915844045410665331e+00
1.091328905722249942e+02
-7.256050608620410003e+01
-4.534535374236266847e+00
4.103147989776090867e+02
-1.204608430503196814e+01
0.000000000000000000e+00
-5.232549627381135338e+01
-8.066717789556014395e+01
3.119664212097898144e+02
-2.882160011215432860e+00
-1.318424804018486043e+02
-7.799273501153294319e+01
-7.273255268814864394e+00
9.217418530155377709e+00
3.522269057654330027e+01
-1.523647514425337590e+01
0.000000000000000000e+00
7.936647631068296960e+00
-7.048171555632620766e-01
-3.144973603196967815e+01
-9.107188204472143411e+01
-7.419753678028642696e+01
-6.395845524558930606e+01
4.107358570755916105e+01
3.290328779086758004e+01
1.007181336846655313e+02
0.000000000000000000e+00
-6.118143706259374426e+00
8.159154962703290437e+01
1.063397444686457902e+02
-1.541165569251689931e+02
-8.519573480195472825e+01
1.101299012970216609e+02
-4.356163649442447650e+01
-1.002947504656227409e+02
1.473599422506650285e+02
-1.384870738778697330e+01
-1.504434198675463108e+01
2.850210967579752364e+01
-5.819925919024520056e+01
-7.728946596008002246e+01
7.775596763550527157e+01
-5.466583058834854114e+01
-1.630214127654753753e+01
-1.020925280428299686e+01
1.907830298470395292e+01
-1.124233628119895911e+01
4.886681790964480854e+01
4.213786845701520178e+00
-2.318768371215664956e+02
-1.132949085006699192e+02
2.210418318460068576e+01
4.805331235246910637e+01
6.614533264196688833e+01
1.966030813948393074e+01
-4.308538214805651023e+00
5.809347672265354845e+01
-2.456425080307438975e+02
-5.279899859692073960e+01
-2.313436770321079621e+02
-9.024067799201611706e+01
-7.197730957882322400e+01
-1.044514964937894632e+02
1.881270059514680071e+01
2.413427183086582772e+02
-7.385334982230745027e+00
-1.244883164027015710e+01
0.000000000000000000e+00
-1.086571032994767734e+02
0.000000000000000000e+00
-1.178258859002493608e+02
1.415853877998802446e+01
-1.340213160527580101e+02
-6.266765517496733651e+01
9.872814173997232956e+01
2.404399650432804947e+01
2.678821390563126670e+01
-1.238174927070933364e+02
1.162695280093566907e+01
1.156141925695274892e+02
0.000000000000000000e+00
9.111986806572599562e+01
-2.294206974763729789e+01
-8.469010886085555967e+01
-3.923825522275876665e+01
6.434491884107248438e+01
9.589696676785345630e+01
9.661102511538935289e+01
0.000000000000000000e+00
-6.542141628054629621e+01
2.294145626810501426e+01
-1.287165236919852873e+01
0.000000000000000000e+00
0.000000000000000000e+00
-1.936041837719525915e+02
7.352513238716011301e+01
-1.083525098719479729e+01
5.020402699514720268e+01
-3.586579841015054626e+01
6.627601320580466790e+02
-4.721248492256790996e+00
0.000000000000000000e+00
-3.213593813173858393e+00
-1.313383330051937037e+02
0.000000000000000000e+00
-2.492999406352575420e+01
-3.328681516380886052e+00
-1.825314324429102157e+02
-6.339773320116819377e-01
-9.596509797996588986e+00
-5.296920759918741339e+01
-3.355867844221985763e+01
-4.068793797385609423e+00
3.935212833284883800e+02
1.747665397797692322e+01
7.521919128506966956e+01
-1.021889400325662507e+02
-6.566563766019561399e+01
1.572474259760295467e+01
-5.662787252117959724e+01
3.613413640570054497e+01
-1.763154107469917733e+02
1.164466847829131169e+01
-3.268647291013049028e+01
-1.134780231429969319e+02
4.567103916495949534e+01
1.303412722495849607e+00
-1.443972782598175968e+02
-1.684447664652587946e+02
-6.549215415715862321e+01
-4.271602158895200319e+01
-1.654353521675730008e+02
-2.025258912604256238e+02
-5.821876163022915307e+01
-4.515390884744226696e+01
-9.835388603249121786e+01
1.902145872427082338e+02
-4.057444765405637099e+01
1.080628768968530977e+02
1.593372051521404842e+02
6.038882258941292491e+01
1.290669301858319784e+02
-1.120688424670309331e+02
-3.449026195111157023e+01
-7.116769482796345869e+01
-4.220468312953403256e+01
-8.641039545779165110e+01
1.357641275684723041e+02
-5.070140173903541836e+01
-4.531649132569954830e+00
-3.677671239842152318e+01
-1.530857160025399821e+01
-6.622303133787411866e+00
0.000000000000000000e+00
4.091046904818881558e+00
3.074930967045307852e+02
-3.696667981580894775e+02
-9.754399406030355379e+00
2.707130615009003094e+01
-5.629820472156964684e+00
-2.669805058843945744e+01
2.908238368926731710e+00
-5.026892405525984486e+00
0.000000000000000000e+00
0.000000000000000000e+00
0.000000000000000000e+00
-1.089730050501816550e+01
-4.202827050422939692e+00
-2.867349393569321592e+01
-1.600883116290548003e+02
4.370773765067355043e+01
0.000000000000000000e+00
-1.598415591104461839e+02
2.447670724315782564e+01
1.242686526678567134e+02
-1.922915951254118738e+02
0.000000000000000000e+00
0.000000000000000000e+00
-5.581204832059506771e+01
-6.284875258461718772e+01
2.523939147378442271e+00
-9.652139417282938894e+01
2.770936124185571998e+02
9.368238845598739317e+01
6.445553867818631488e+01
-1.707290939976303434e+01
0.000000000000000000e+00
7.040232883966260147e+01
4.459162987729296219e+02
8.384394209540585052e+01
0.000000000000000000e+00
-6.853573104847684760e+01
6.170598277619680516e+01
-3.111496487732118794e+02
1.002174308882912612e+01
-6.713227402123357024e+01
-1.233298742047973207e+02
2.117234681291625975e+01
-3.265020119118837272e+01
-2.958738230144253123e+01
-7.551045807603514959e+01
-2.277906479654382110e+01
-1.075496058849233094e+01
4.519050604859618403e+00
-1.680568610578195603e+02
-3.721593419843162565e+01
-7.012479522887701933e+01
6.543831642193965763e+02
-1.664464672313312690e+02
-1.771373305961321876e+02
-4.363233452068205054e+01
8.189588788233507444e+00
3.161072326245356123e+01
-7.987279886530637896e+01
-5.884287092677415387e+01
-2.547408205281600146e+01
0.000000000000000000e+00
-5.357367137749758967e+01
-7.522155730390664985e+00
-3.650094479913744294e+01
3.353387997587753944e+01
0.000000000000000000e+00
-3.073978380456247805e+01
4.985511083705378610e+01
3.823893835673686681e+00
-3.816367369395001674e+01
-4.791063373847379125e+01
-3.754285832294352332e+01
-1.341137420124275081e+01
-1.486050425900136673e+01
-3.577983992646665001e+00
3.065063820414584583e+00
-3.410293116818031649e+02
-3.722383016415918746e+02
-3.365987315929185115e+02
-3.209708242605788655e+02
-2.873872414931072399e+02
9.368238851139363987e+01
-2.672674580501722517e+02
-2.679232041878948962e+02
5.782044468925159109e+00
-1.000868917769050626e+00
-1.527908789719261620e+02
-2.399008840700705889e+02
-3.625641551049392319e+02
-2.946104123248510973e+02
-5.293380186426711589e+02
-5.205283194560706761e+02
-1.954079669717062302e+02
9.368238848792515228e+01
-5.543022955920389450e+02
-3.938384741950373495e+02
-5.202406237825744029e+02
-5.296257039706620162e+02
6.262714118067355673e-02
-1.360989571310685164e+01
-1.366255108297637264e+02
-1.297444055694392659e+02
-3.481873055005409583e+02
-1.369505992077879455e+02
-1.576746860608385816e+02
-1.406838303494197646e+02
5.874258772165700293e+01
3.702734387134480585e+02
-1.326474633136207331e+02
1.435549069492657850e+02
9.181828585329418502e+01
-9.282842880816293984e+01
1.322560321802525607e+01
-4.413615572827666256e+00
2.102089920868992934e+01
5.634073243876240866e+01
1.677320232904264685e-01
-3.091411299232847654e+01
-5.304758347144927910e+01
-9.107188204111083962e+01
7.365889235155169246e+00
-3.646436870375251260e+01
-2.333955114311496004e+01
-1.354887280472055693e+02
-1.931937591645829571e+02
-1.367171375799810562e+02
-1.454739141774928157e+02
4.246561023216077757e+00
-1.124564937978834962e+02
4.397594196951963852e+01
-1.198494395426843084e+02
1.658033816867263965e+01
3.972593877517209648e+01
-3.995235073899858946e+01
5.463121418261611240e+01
-2.780857254290815916e+01
-2.052413023117284183e+02
-1.344147130515871140e+02
-1.101464203004147322e+02
-1.102815086687115809e+02
3.502096198709264741e+01
-8.152417506556336946e+01
-5.070818550107780709e+01
1.325795611679337682e+00
6.010054927622667265e+01
-1.049866335053910689e+03
-2.700372663875704120e+02
-2.608150876603149300e+02
-2.657842412870667204e+02
-2.532297394757780467e+02
2.113183962165784635e+00
-2.453076129355000035e+01
-5.079304406780124737e+00
-5.246370747807224006e+02
-5.252292671141387927e+02
