-4.160139059216394486e-01
1.516418244468005128e+01
2.989603156630036551e+01
-1.648826405519166372e+02
-9.297740579574313813e+01
-1.615576456852861611e+02
-1.373381704922009305e+02
-1.612371721608447501e+02
-1.850997477895439545e+02
-1.464249122862892989e+02
3.590719079521137447e-01
-5.469079754297829368e+02
-5.026096980260441569e+02
1.153833260576804776e+01
2.383810602044256299e+01
3.899320575054275650e+01
3.588811915658808971e+00
-8.324466939337348492e+01
3.607892070694668263e+01
5.000111939905701774e+01
3.958390778803966725e+01
3.615248782673319283e+01
3.711302893951191351e+01
6.360358141945471289e+01
-5.366713584481829002e+01
7.629500423201280057e+01
6.529460246398375034e+01
4.920040344634414851e+02
7.688392000887291999e+01
-8.083411105423263621e+01
-5.246971090125148862e+01
0.000000000000000000e+00
-9.702954351961469115e+01
1.407762727992275700e+02
-3.648139027940478627e+02
1.758802928921437001e+02
-1.007666242517326083e+02
-1.806299737019102736e+00
2.300321397429705073e+01
8.125510504523211353e+01
1.716728579303742208e+01
7.340279559867801709e+02
-2.302550026463228505e+02
4.849256273730188127e+02
5.584390664786131708e+01
-8.415569675047406406e+01
-5.795693406278843440e+00
-3.378031899950232031e+01
-5.006724938642221900e+01
-5.829670467074237195e+01
-6.313438222696936464e+01
-3.672238460380697234e+01
-3.191207103706562975e+01
-2.811782131247151995e+01
1.489228790028343212e+02
4.146272401200610602e+01
2.598690285520319776e+01
4.282428787132107573e+01
8.332887991824904361e+01
0.000000000000000000e+00
9.285574766792592527e+00
3.128510374854238307e+01
-1.932143302490765961e+02
1.853791985805544584e+01
-3.161521036014841002e+01
-1.241443618717919435e+02
-2.002409838870261183e+01
-1.237701736774616847e+02
1.228002837422164362e+01
-7.598164406098301527e+01
-6.945849405217987282e+01
-1.064480495255033361e+02
0.000000000000000000e+00
-4.285914505467454205e+01
-7.107808940822400245e+01
-8.180442829241373204e+01
-1.143027611527845977e+02
1.793133421632981594e+01
-9.512966612811685252e+01
-1.343949382685963485e+02
0.000000000000000000e+00
4.393816693668924245e+01
1.677228643642377506e+02
0.000000000000000000e+00
-3.853043794790491461e+01
-6.095144532958675399e+01
-6.744355043444031139e+01
2.497185078015240833e+01
3.455643470797252803e+01
-2.853181042820054358e+00
3.115549033299527082e+01
6.447223092436615843e-02
-3.795881070668963275e+01
-3.985983726138954353e+01
-1.525565709997060253e+02
-4.546966236066640477e+01
4.213411513382624776e+02
-1.480125624204570443e+02
-9.331074079309686908e+00
-1.330125498464261682e+02
-5.397841541730240777e+00
-8.762011810616399998e+00
9.411149525989173981e+01
-4.547217950044017698e+01
3.726420184092182808e+01
-7.050990794522095939e+01
2.138163889292692943e+02
-1.957836957434278702e+01
-8.743128104229242581e+00
5.923859863255614755e+00
1.091687084128965921e+02
-7.261687070233944041e+01
-4.498802702766649730e+00
4.102868189682233151e+02
-1.210648979557618077e+01
0.000000000000000000e+00
-5.229544881245672627e+01
-8.072925971404418988e+01
3.120022829410159488e+02
-2.947624494889851121e+00
-1.318114534631343986e+02
-7.795026201233790175e+01
-7.326040556716748142e+00
9.253086883851814548e+00
3.525774937937779896e+01
-1.520180427632381281e+01
0.000000000000000000e+00
7.875561053656014110e+00
-6.619955251881890490e-01
-3.152594051159007904e+01
-9.105236298916548776e+01
-7.427221416719376634e+01
-6.394045216262604470e+01
4.109407354191367290e+01
3.293900139190688492e+01
1.007608782644745133e+02
0.000000000000000000e+00
-6.100292328308498213e+00
8.162917042322236227e+01
1.063612008563025313e+02
-1.540656237460007389e+02
-8.525244886754597928e+01
1.101648273857520621e+02
-4.354062249802282736e+01
-1.002593282882191374e+02
1.472982374939994088e+02
-1.382816326109474403e+01
-1.502380476395605058e+01
2.852331906780652560e+01
-5.818605191839774449e+01
-7.727652227496008663e+01
7.777929471433915865e+01
-5.464422095836022208e+01
-1.627054796320666696e+01
-1.016821423355104059e+01
1.901672333322102304e+01
-1.130436245772230563e+01
4.881175483077603872e+01
4.247638274793303026e+00
-2.318653429868156763e+02
-1.133463943824321802e+02
2.204468639243657435e+01
4.809882605215983631e+01
6.606309039176011311e+01
1.960505176792460702e+01
-4.268038592013823518e+00
5.804070946676236531e+01
-2.456691527299471431e+02
-5.285797325241890121e+01
-2.313209281126682413e+02
-9.020831650873412855e+01
-7.194224530395325701e+01
-1.044130438180278873e+02
1.884412882858791249e+01
2.413057561223703260e+02
-7.346932685074392566e+00
-1.242722489147740816e+01
0.000000000000000000e+00
-1.087031308694265590e+02
0.000000000000000000e+00
-1.177537753198639336e+02
1.419561188494347093e+01
-1.339906905458841493e+02
-6.265952789388421706e+01
9.877356034020780839e+01
2.408971503816059112e+01
2.673857074132951084e+01
-1.237873049846957656e+02
1.156240303667522085e+01
1.156337239666717664e+02
0.000000000000000000e+00
9.114212042109875256e+01
-2.291954145301899004e+01
-8.475877170676514538e+01
-3.931033421968427888e+01
6.436793795330734724e+01
9.591977889950027247e+01
9.663427947398776041e+01
0.000000000000000000e+00
-6.540362065597091146e+01
2.295980719259124214e+01
-1.283540237201745526e+01
0.000000000000000000e+00
0.000000000000000000e+00
-1.935687735684681456e+02
7.353788734841876362e+01
-1.091867010815616368e+01
5.021200895180220414e+01
-3.584437691106316493e+01
6.627491609801681989e+02
-4.774824177267589675e+00
0.000000000000000000e+00
-3.170794777384706720e+00
-1.313201564788388680e+02
0.000000000000000000e+00
-2.491210613924491213e+01
-3.310971290487623619e+00
-1.825352529792937162e+02
-5.936338063039841018e-01
-9.580357818554603000e+00
-5.302550353762082125e+01
-3.353736933237154005e+01
-4.047578582434312011e+00
3.935570702701259052e+02
1.749841596997856641e+01
7.523175574210607408e+01
-1.021696506754312423e+02
-6.571929100573998994e+01
1.576224250060994336e+01
-5.660635835435663665e+01
3.617686638032574820e+01
-1.763570049319289410e+02
1.168518555263106862e+01
-3.264594265388006278e+01
-1.135454418316018064e+02
4.561596251104055000e+01
1.342080779298015614e+00
-1.443664235923870081e+02
-1.684212667997404367e+02
-6.548426848318672455e+01
-4.268568306195527384e+01
-1.654052520780770692e+02
-2.025756834898841987e+02
-5.818855397607839564e+01
-4.521854158986081984e+01
-9.834341733535887897e+01
1.902518546824822465e+02
-4.063352249402862526e+01
1.080820183722342165e+02
1.593479566699786574e+02
6.040099489429668722e+01
1.290774110176754164e+02
-1.120314026717642975e+02
-3.454559713571564572e+01
-7.122935746092538523e+01
-4.217256320741805098e+01
-8.637824979244885526e+01
1.357097890986613038e+02
-5.066796667733501636e+01
-4.496484191551232357e+00
-3.673617457008842280e+01
-1.526861856899260772e+01
-6.603970066311802611e+00
0.000000000000000000e+00
4.030863330491712304e+00
3.075190606853207100e+02
-3.697045340054571625e+02
-9.722631527485066982e+00
2.710289673608527039e+01
-5.598285407856366191e+00
-2.666605593549479636e+01
2.939510516111170091e+00
-5.091891749329874983e+00
0.000000000000000000e+00
0.000000000000000000e+00
0.000000000000000000e+00
-1.088166289363056194e+01
-4.221828290619953350e+00
-2.865059697103801284e+01
-1.600973715363820702e+02
4.372532657762062058e+01
0.000000000000000000e+00
-1.598109793307681059e+02
2.449538927457315296e+01
1.241972918545432094e+02
-1.922698086225777843e+02
0.000000000000000000e+00
0.000000000000000000e+00
-5.580552632066701335e+01
-6.281636150048628053e+01
2.544777867992095821e+00
-9.649826348898193373e+01
2.770721765428201593e+02
9.373713356067804625e+01
6.441365948232095207e+01
-1.711766865829304152e+01
0.000000000000000000e+00
7.036324939040952131e+01
4.459559279007203259e+02
8.386174712997799929e+01
0.000000000000000000e+00
-6.850357756766682371e+01
6.173825190763902526e+01
-3.111970811941697548e+02
9.978684171040967499e+00
-6.711648807276614548e+01
-1.232909106888930637e+02
2.119355406205670533e+01
-3.262702165416069988e+01
-2.956903363375846538e+01
-7.549216181917677204e+01
-2.285420705462263413e+01
-1.072408863352946895e+01
4.557170335762823044e+00
-1.681048347625030601e+02
-3.718102981449330002e+01
-7.008997957974982285e+01
6.543839555521934699e+02
-1.664290227370981938e+02
-1.771690090894609284e+02
-4.361091391696163555e+01
8.211057996126257308e+00
3.164789666659193301e+01
-7.992683523949330038e+01
-5.882197571992793428e+01
-2.545190301789632770e+01
0.000000000000000000e+00
-5.364946314501924007e+01
-7.481241373018150398e+00
-3.647041992501016239e+01
3.347072521374451526e+01
0.000000000000000000e+00
-3.073498184709725933e+01
4.980144333374016696e+01
3.765861231404869613e+00
-3.811009992296543203e+01
-4.797111644590916057e+01
-3.750758953338267787e+01
-1.346204286161484731e+01
-1.483923847165853971e+01
-3.562529910649686826e+00
3.065088249528926667e+00
-3.409130263262194376e+02
-3.721221228054104131e+02
-3.364825494830647585e+02
-3.209341789095213926e+02
-2.873014821929750724e+02
9.373713361619400075e+01
-2.671816661712033465e+02
-2.678374995179830194e+02
5.782037561359883782e+00
-1.000855582470842720e+00
-1.526865102298325496e+02
-2.397961646245887550e+02
-3.624594246441783980e+02
-2.945755846688653605e+02
-5.291635680492554457e+02
-5.203541237454362545e+02
-1.953269992528043417e+02
9.373713359266736234e+01
-5.542071724035225770e+02
-3.937206639043603218e+02
-5.200661254273593386e+02
-5.294515560213860681e+02
6.262904528160723183e-02
-1.360972216404286428e+01
-1.365671814097260324e+02
-1.296866444300184185e+02
-3.481292341397089558e+02
-1.368924658713860083e+02
-1.576165338876017472e+02
-1.406256314752860135e+02
5.872777590735526587e+01
3.702903338492560010e+02
-1.326417424258505946e+02
1.435555821652880581e+02
9.184667044900382393e+01
-9.281204617854805861e+01
1.324552707407085705e+01
-4.405900907257716881e+00
2.102475470890679077e+01
5.637362108078819745e+01
1.992164541275087686e-01
-3.090036958647871757e+01
-5.305133754108793909e+01
-9.105236298556270924e+01
7.367685560497520214e+00
-3.645985745684545520e+01
-2.334088090204829768e+01
-1.354625770898030623e+02
-1.932143302527740616e+02
-1.367559618412128657e+02
-1.454525431852175359e+02
4.270142126108261493e+00
-1.124384189204673845e+02
4.399403540482450836e+01
-1.198506152971424683e+02
1.658390750140191017e+01
3.973502385981946361e+01
-3.993141655288215475e+01
5.463836218343274709e+01
-2.778184822724274738e+01
-2.052230055939567706e+02
-1.343949381518806376e+02
-1.101150259777617180e+02
-1.102933367564852460e+02
3.502512090673209855e+01
-8.153834076253941987e+01
-5.070732395888671817e+01
1.334469984168848100e+00
6.009426745771843059e+01
-1.049517688747126385e+03
-2.699496474609888992e+02
-2.607279946515611755e+02
-2.656972060347335400e+02
-2.531428403589760023e+02
2.113316163188338592e+00
-2.453092228810209008e+01
-5.079265241434875122e+00
-5.244626416757846528e+02
-5.250550539159976324e+02
